-0.827879018810118
-2.9941944932544
1.60523809025718
-2.09344948033867
-4.74485891625585
-5.77944878197847
0.279699571313406
2.43443192361302
6.38634083232879
-2.06488714155145
8.08423364379988
-4.21300148758762
-6.54700740684952
-3.98093644775881
3.04159604910115
-4.92171979594381
3.80670302465457
-0.170504952052762
-4.82533356396827
-3.47979530665088
5.05860356763578
-3.8664375714463
2.36917839535214
-3.15863745220562
2.87186386148276
-1.10944404704989
4.06417791993953
1.07344489917629
-5.54970815274474
1.40069344466284
7.99290628534474
3.55475833394422
0.227204684211165
2.50155367295772
-4.64914570625654
3.70086360618242
3.59118393871008
-3.80902129308576
-0.928732125662054
12.7895313484788
-0.671396620392534
-5.72484698429607
7.67689487051601
-1.12753673596008
6.60808601556215
0.267952832326255
-2.68084404222472
0.893258332613384
-0.704820968066418
5.34780033165539
-4.86257643468969
-5.39892061627996
3.80616952539225
-2.35142675756481
-0.073170681704891
-1.27886206212266
-4.60330361171093
-4.87913487199909
-3.43681264488676
5.25100091637021
-3.3527873016078
-0.590450943886428
1.70506471266351
-6.60575408791046
-2.10998083391915
-0.526324308936541
-0.125315948100533
1.94247687330684
4.70946291179779
-1.38007734717787
-7.03906559629247
-0.836771441843104
-0.877966955676727
5.67444056981557
-1.99484268300398
-2.22642186578537
4.60142052760188
2.99146222640782
14.0891696869774
5.91837596774911
-1.13641824526671
4.15494144713111
-2.65122528026688
7.84233704203841
-0.765187921857009
0.467055972913562
-0.461428638606743
-6.48602065015657
-1.02981802212502
-5.3766666962204
-5.05127286414787
10.8350544508277
1.87863390520444
2.96723955366505
5.65741707645283
-0.827555916235263
1.62377196713393
-3.5473576644347
0.775339454227054
-0.235253290414016
-7.08560758705438
-0.662746306846802
-7.76893338538299
0.726826947040456
-1.47639077246905
1.39815327097725
-2.68820181155514
10.6837919106132
-1.95087191925975
-2.22232036687166
10.7298493121417
2.37977000106707
-0.81694648648624
-5.68633521385874
-1.37797186565377
-3.31943198878861
-0.397965109132074
-4.03169845399009
-0.805284139751959
-7.40495962101269
